61.989431
58.805199
56.957585
56.103154
54.712771
54.150913
54.450491
54.530030
54.208922
53.758265
53.208094
52.795908
52.050803
51.825407
51.577583
51.108139
50.828768
50.687393
50.404738
50.380078
50.407314
49.955046
49.635921
49.150106
48.809994
48.745280
48.648069
48.560477
48.418513
48.419497
48.589654
48.708114
62.312709
59.269593
57.466153
56.634723
55.238158
54.609643
54.993550
55.079193
54.613829
54.052193
53.404581
52.924248
52.092571
51.856668
51.494633
51.028877
50.779747
50.634205
50.371030
50.383920
50.454216
49.982871
49.646519
49.122704
48.672847
48.690133
48.672137
48.538096
48.436949
48.486629
48.654028
48.847758
62.271345
59.465633
58.006708
57.207959
55.515149
55.026624
55.679451
55.657191
55.151101
54.602035
53.740037
53.224552
52.444060
52.096911
51.681563
51.209917
50.900396
50.767907
50.469736
50.518647
50.455615
50.083934
49.871541
49.398462
49.009188
49.069138
49.166116
48.981721
48.792905
48.890253
49.134518
49.334660
62.630828
59.939088
58.478502
57.723644
56.174362
55.667570
56.284896
56.336559
55.664659
55.027657
54.079112
53.528165
52.678312
52.201857
51.755034
51.328140
51.013188
50.943986
50.687856
50.722972
50.784782
50.425014
50.148803
49.657973
49.283335
49.424938
49.500590
49.323139
49.172574
49.270470
49.565633
49.868285
62.727350
60.294748
59.101999
58.227901
56.470894
56.168328
56.923910
56.890574
56.144846
55.495990
54.462734
53.913663
52.950649
52.455717
52.021855
51.511924
51.165467
51.051428
50.883632
50.891375
51.065689
50.728693
50.455483
49.985344
49.656178
49.763067
49.942472
49.757382
49.662680
49.753650
50.088887
50.387560
62.986363
60.708651
59.562834
58.842530
57.019851
56.778427
57.616358
57.462389
56.593374
55.714188
54.712139
54.102544
53.213609
52.727873
52.208654
51.712556
51.370608
51.211220
51.048671
51.103609
51.331050
51.032700
50.762688
50.347486
49.999883
50.189473
50.385890
50.326235
50.227725
50.283375
50.629897
50.973238
63.271480
61.164130
60.165932
59.602439
57.807794
57.496572
58.334916
58.111184
57.248039
56.406984
55.327202
54.524593
53.566894
53.071133
52.566944
52.053937
51.623766
51.599049
51.409487
51.511892
51.739677
51.511817
51.234960
50.953612
50.724124
50.885678
51.031311
50.831119
50.821192
50.995800
51.390850
51.842892
63.689429
61.705099
60.841910
60.450742
58.666307
58.458442
59.294661
58.946078
57.896665
56.971539
55.890594
55.061094
54.084513
53.445616
52.998357
52.503500
52.057357
51.978090
51.893523
52.014360
52.323105
52.033684
51.852503
51.560149
51.202892
51.465686
51.737360
51.488518
51.483448
51.732200
52.161988
52.689930
63.930328
62.354901
61.799901
61.276634
59.507020
59.420696
60.318099
60.002364
58.899717
57.794241
56.610738
55.759975
54.739136
54.067883
53.521436
53.003913
52.574961
52.450755
52.314377
52.492263
52.792561
52.594821
52.370037
52.053109
51.792088
52.121220
52.354793
52.214213
52.141322
52.313634
52.838757
53.504768
64.778624
63.230751
62.671800
62.361481
60.646956
60.548836
61.557664
61.150247
59.838487
58.708038
57.580470
56.712752
55.500412
54.677291
54.086161
53.493670
53.073680
52.884355
52.910534
53.151961
53.450078
53.223221
53.113466
52.749036
52.498758
52.838743
53.142441
52.996627
52.938009
53.118796
53.607521
54.239980
65.383492
64.263624
63.922816
63.529528
61.801047
61.765204
62.813885
62.361344
61.048855
59.822797
58.638389
57.719486
56.371520
55.478952
54.789652
54.166906
53.803635
53.708068
53.714105
53.946249
54.204978
54.075581
53.952600
53.593621
53.382414
53.800384
54.172203
54.002401
53.836709
54.054052
54.550064
55.255959
66.138088
65.084451
64.817049
64.722382
63.004290
63.125310
64.176522
63.642288
62.273966
61.042512
59.803382
58.781283
57.458589
56.400067
55.633225
54.965143
54.660271
54.516019
54.517530
54.873428
55.201341
55.080702
54.852323
54.504166
54.291331
54.775018
55.254087
55.113127
54.844676
55.116320
55.634178
56.267725
66.946866
66.226805
66.263941
66.181425
64.552138
64.626907
65.669193
65.077712
63.641915
62.403426
61.174037
60.071343
58.611555
57.524532
56.664159
55.876116
55.439035
55.280551
55.357483
55.767181
56.153086
55.981893
55.692543
55.310769
55.185324
55.698860
56.183019
56.020129
55.777780
55.942836
56.503279
57.280434
67.934464
67.464176
67.434270
67.486647
66.011174
66.122726
67.336441
66.810515
65.136230
63.922277
62.728259
61.510828
59.867020
58.755500
57.744459
56.902676
56.436970
56.263273
56.327602
56.756596
57.247340
57.163491
56.700326
56.249536
56.204574
56.808304
57.446765
57.225168
56.847437
57.031286
57.558661
58.275658
68.854714
68.684088
68.922691
69.126742
67.553557
67.807999
69.035460
68.412637
66.735530
65.440935
64.028453
62.724114
61.048814
59.858014
58.757760
57.887685
57.405116
57.284901
57.416370
57.774571
58.207307
58.145945
57.646699
57.284618
57.334642
58.034682
58.661010
58.375796
57.904612
58.032409
58.607311
59.190817
69.972656
69.968147
70.239152
70.647775
69.291924
69.490840
70.799676
70.179889
68.333071
66.964898
65.563119
64.096706
62.339061
60.977529
59.866595
58.965009
58.442657
58.273844
58.397088
58.827480
59.226368
59.103385
58.637733
58.210736
58.362470
59.139641
59.817464
59.418171
58.839323
59.011182
59.571976
60.033506
70.848726
71.277280
71.775507
72.269441
70.905694
71.217541
72.520863
72.010585
70.157999
68.652254
67.109688
65.602407
63.711016
62.410434
61.181268
60.283483
59.699058
59.481536
59.519759
59.858524
60.364593
60.241078
59.743219
59.397192
59.444236
60.313861
60.969522
60.540736
59.994128
60.198035
60.621821
61.120287
71.861241
72.465224
73.071166
73.721961
72.441774
72.798409
74.338182
73.720033
71.780118
70.199505
68.639551
67.132469
65.096351
63.641647
62.346065
61.455701
60.728897
60.453561
60.529823
61.014592
61.404084
61.212860
60.710794
60.330790
60.552223
61.400465
61.996388
61.659021
61.096724
61.195376
61.634970
62.084388
72.641759
73.526205
74.369290
75.048903
73.722636
74.197002
75.816274
75.189308
73.241667
71.619221
70.051241
68.484631
66.294208
64.711379
63.356626
62.404724
61.729488
61.514258
61.609100
61.934817
62.239948
62.132913
61.639775
61.200574
61.425942
62.399041
62.998603
62.597684
62.032762
62.168305
62.508460
62.948854
73.643433
74.729861
75.587883
76.410511
75.288247
75.903902
77.468594
76.794879
74.835772
73.166801
71.467238
69.744275
67.471735
65.717631
64.416455
63.408972
62.759201
62.629629
62.622036
62.944203
63.134505
63.094458
62.641422
62.090387
62.389201
63.350817
63.962707
63.547694
62.919032
63.030509
63.395755
63.655442
74.270409
75.657588
76.774586
77.609677
76.507962
77.207491
78.895051
78.133854
76.163208
74.387345
72.670280
70.957119
68.591242
66.771628
65.439316
64.412991
63.680235
63.577442
63.665719
63.955304
64.106468
63.983946
63.459639
62.999250
63.222075
64.209334
64.885322
64.469871
63.800923
63.754052
64.027676
64.300414
75.025287
76.482150
77.608823
78.592037
77.600929
78.396224
80.150089
79.276740
77.360730
75.575472
73.889213
72.080352
69.596852
67.746859
66.251824
65.290908
64.580361
64.361870
64.452900
64.889881
64.966047
64.805570
64.277705
63.821190
64.010647
65.052524
65.824170
65.404652
64.664719
64.626998
64.911793
64.989807
75.573590
77.341553
78.736661
79.728237
78.641513
79.443912
81.281997
80.416478
78.401094
76.677925
74.943907
73.072732
70.713383
68.716354
67.164357
66.229199
65.556476
65.232742
65.298778
65.578866
65.738453
65.651329
65.064152
64.689390
64.881852
65.915832
66.659508
66.139792
65.331205
65.113585
65.394537
65.542301
76.209660
77.992970
79.283530
80.394370
79.481795
80.456591
82.258602
81.356917
79.264665
77.460180
75.825332
74.004476
71.528027
69.444465
67.815127
66.799072
66.165996
65.940719
66.051471
66.378893
66.463056
66.338671
65.823924
65.417147
65.648004
66.606362
67.270853
66.774606
65.889079
65.654444
65.935972
65.927691
76.605593
78.580111
79.994829
81.128501
80.236177
81.313041
83.160018
82.220340
80.124911
78.318520
76.571063
74.694431
72.231827
70.127144
68.426821
67.470577
66.885228
66.640796
66.782385
67.059166
67.064170
66.829581
66.420862
65.950639
66.170212
67.228989
67.810884
67.186146
66.307593
66.041296
66.299107
66.225831
77.022715
79.144009
80.565953
81.708122
80.883360
81.985805
83.887127
82.816845
80.675609
78.842376
77.142262
75.212438
72.698098
70.741532
68.936507
67.981402
67.395867
67.203700
67.308903
67.471260
67.473936
67.338688
66.725807
66.359949
66.603058
67.625614
68.244305
67.554277
66.684150
66.416650
66.610263
66.533212
77.165879
79.435267
80.957834
82.156242
81.296987
82.535604
84.421725
83.385535
81.196058
79.318229
77.648009
75.711931
73.159098
71.175627
69.393960
68.422827
67.864527
67.634838
67.717186
67.837721
67.895827
67.717160
67.201089
66.747703
67.006815
67.963247
68.450763
67.743199
66.912341
66.663283
66.829918
66.739943
77.272188
79.594136
81.069710
82.351585
81.623696
82.913622
84.795962
83.678904
81.543209
79.732306
77.967128
75.967361
73.340652
71.312191
69.593751
68.756437
68.103422
67.886932
67.984902
68.115742
68.111634
67.902642
67.364481
66.990031
67.304616
68.214224
68.620362
67.934077
67.005126
66.801936
67.024199
66.812591
77.347771
79.757669
81.369370
82.565039
81.813227
83.175567
84.994389
83.898191
81.659907
79.886392
78.146534
76.089011
73.495811
71.509533
69.862749
69.004594
68.401797
68.112623
68.172988
68.331806
68.352045
68.046281
67.476363
67.111416
67.431540
68.306190
68.653113
67.937645
66.913056
66.799285
67.000780
66.810987
77.357660
79.777715
81.302796
82.561917
81.895919
83.312556
85.097907
83.921141
81.758848
80.001340
78.249469
76.257144
73.613139
71.577412
69.939037
69.085227
68.438122
68.157173
68.194544
68.402232
68.358713
68.060078
67.580281
67.273665
67.480046
68.328795
68.750196
67.940491
66.914016
66.760438
66.929522
66.663340
77.202073
79.647464
81.280016
82.555587
81.933344
83.348595
85.131365
83.898868
81.782517
79.998362
78.317832
76.316093
73.693211
71.606955
70.101377
69.223675
68.546921
68.244116
68.397262
68.471731
68.311278
68.125260
67.653401
67.409288
67.627142
68.427243
68.801973
67.928762
66.911330
66.733954
66.960136
66.602951
76.964905
79.353793
80.897974
82.348560
81.795942
83.216309
84.969410
83.697583
81.562522
79.885065
78.222412
76.227305
73.483726
71.410974
69.922782
69.048687
68.412203
68.264182
68.351418
68.569418
68.417356
68.105716
67.670427
67.281833
67.530878
68.267523
68.674195
67.809449
66.779872
66.532163
66.734348
66.418796
76.646190
79.083437
80.750541
81.993986
81.431066
82.862304
84.674809
83.496230
81.339620
79.619352
78.016758
76.054048
73.332113
71.097738
69.743762
68.955040
68.365027
68.191494
68.239376
68.421430
68.256368
67.887101
67.476989
67.199581
67.404023
68.062881
68.385734
67.547815
66.525222
66.342346
66.634188
66.274099
76.317659
78.596294
80.157386
81.442792
80.942978
82.315049
84.105922
83.002897
80.897479
79.266967
77.626470
75.720855
73.057167
70.935738
69.455537
68.693018
68.060442
67.910811
68.064347
68.168342
68.016180
67.738964
67.227929
66.869052
67.054078
67.788683
68.072161
67.211141
66.218264
65.998114
66.274883
65.998248
75.763668
78.052949
79.626227
80.936890
80.414870
81.730785
83.522485
82.440376
80.372228
78.780335
77.155814
75.209785
72.543394
70.509797
69.080078
68.353916
67.800270
67.604466
67.731304
67.804768
67.662014
67.354442
66.863918
66.524042
66.715798
67.318907
67.557617
66.773161
65.743440
65.570886
65.926392
65.596070
75.255801
77.557236
79.147057
80.404509
79.869455
81.240029
82.912545
81.839817
79.891689
78.343575
76.783955
74.789615
72.174066
70.080018
68.681768
67.964263
67.476555
67.351047
67.494905
67.608549
67.364492
66.970034
66.500933
66.120551
66.381082
66.929659
67.219300
66.432936
65.427462
65.255695
65.514432
65.232482
74.585850
76.811818
78.467598
79.776514
79.315850
80.695948
82.317029
81.297118
79.397085
77.871922
76.348054
74.360517
71.765859
69.624038
68.461588
67.735692
67.181493
67.184330
67.332798
67.379530
67.113517
66.631691
66.193340
65.852377
66.073998
66.628193
66.879864
66.013961
65.000067
64.813231
65.217652
64.839987
74.028337
76.080795
77.609589
78.865619
78.444058
79.856288
81.595571
80.723533
78.756690
77.234236
75.796046
73.772822
71.303372
69.214652
68.021216
67.286897
66.848164
66.836302
66.914070
66.972796
66.659168
66.166729
65.708263
65.455986
65.694193
66.206822
66.442192
65.584476
64.512890
64.392281
64.636304
64.287865
73.478824
75.513845
77.137599
78.296856
77.803156
79.231458
80.895494
79.977105
78.160935
76.813606
75.408038
73.354917
70.886878
68.883778
67.647944
66.992536
66.563663
66.469103
66.636131
66.602625
66.265162
65.848540
65.319236
65.072450
65.354061
65.890824
66.097803
65.135881
64.066431
63.921364
64.252332
63.878699
73.061571
74.871987
76.309414
77.502606
76.966309
78.428541
80.035958
79.234048
77.431490
76.069625
74.754386
72.843490
70.358601
68.326206
67.139671
66.542395
66.158864
66.102642
66.186722
66.183060
65.803890
65.433139
64.903949
64.645703
64.924595
65.437968
65.728507
64.739568
63.615237
63.436402
63.800809
63.490617
72.325130
74.002534
75.474231
76.649066
76.186072
77.630595
79.186774
78.402284
76.577534
75.326607
74.026830
72.214465
69.819469
67.875075
66.794254
66.141326
65.713305
65.779644
65.788027
65.686278
65.234472
64.887366
64.425304
64.215754
64.394350
64.969652
65.164626
64.216481
63.156657
63.015522
63.404563
63.121123
71.670203
73.274474
74.637820
75.712541
75.335509
76.855893
78.356324
77.605357
75.860494
74.599521
73.374489
71.580646
69.265682
67.359567
66.154938
65.592778
65.285401
65.254804
65.322469
65.260979
64.824830
64.401736
63.908986
63.608539
63.830408
64.364250
64.553388
63.710213
62.632809
62.465775
62.826582
62.585158
71.005540
72.475114
73.776671
74.840146
74.574808
76.005860
77.523298
76.803282
75.204421
74.027110
72.741052
70.950743
68.704771
66.807958
65.842864
65.223055
64.973684
64.962465
64.974300
64.847489
64.418259
63.950195
63.423210
63.127586
63.313231
63.935407
64.037104
63.379383
62.276096
62.072492
62.581481
62.321533
70.312152
71.619853
72.882999
73.920232
73.611922
75.017916
76.508430
75.886490
74.265177
73.113076
71.918291
70.219797
68.150297
66.339995
65.294740
64.820301
64.508722
64.463603
64.516074
64.314454
63.900711
63.446002
62.942224
62.628578
62.869001
63.367307
63.563270
62.883380
61.895497
61.685658
62.164285
61.977648
69.622429
70.812603
72.013911
72.942285
72.683650
74.114915
75.736636
75.152256
73.529590
72.454554
71.355627
69.720284
67.593278
65.796134
64.832283
64.370238
64.043093
63.994213
64.127159
63.999547
63.479608
62.986106
62.522337
62.221495
62.374153
62.845495
63.110609
62.573652
61.582024
61.382483
61.796702
61.622006
68.794925
69.825701
71.088462
72.069585
71.778417
73.137175
74.736731
74.251616
72.795718
71.934207
70.713425
68.978862
67.010868
65.186512
64.259948
63.823118
63.666271
63.629097
63.630580
63.584260
63.158014
62.597752
62.032579
61.672964
61.820110
62.333064
62.591584
62.033598
61.136408
60.875333
61.372242
61.222517
68.254853
69.233067
70.492535
71.359678
71.021057
72.483780
74.084210
73.519657
72.363399
71.558390
70.370296
68.575888
66.630160
64.810137
63.855438
63.585138
63.440610
63.327270
63.399850
63.191198
62.945870
62.472554
61.875660
61.437307
61.443617
62.119171
62.372402
61.798973
60.951600
60.749891
61.121854
61.014469
67.801379
68.641697
69.750336
70.615200
70.273173
71.693737
73.409240
72.901509
71.736158
71.062658
69.956445
68.142548
66.159703
64.381344
63.430305
63.059572
63.015126
62.913699
62.972026
62.952119
62.586490
62.188472
61.550297
61.096492
61.172929
61.818939
62.075619
61.567189
60.781563
60.535465
60.875443
60.757570
67.094722
67.903035
69.067155
69.894684
69.463797
70.977537
72.681621
72.309104
71.166076
70.541736
69.551417
67.938535
65.904121
64.073234
63.116807
62.813086
62.847146
62.811869
62.819629
62.631161
62.380486
61.992264
61.420134
60.961934
61.016445
61.535763
61.780601
61.365413
60.684478
60.416490
60.651589
60.591897
66.641044
67.343173
68.419229
69.208848
68.856509
70.390288
72.007798
71.576888
70.536737
69.977155
69.112649
67.468703
65.464918
63.669489
62.769222
62.525890
62.515498
62.509328
62.600349
62.527508
62.196860
61.750263
61.121817
60.669304
60.712588
61.192565
61.350777
60.904222
60.275324
60.142023
60.303486
60.172003
66.078671
66.711377
67.809299
68.601343
68.258382
69.799699
71.516818
71.216627
70.154486
69.655149
68.805632
67.200076
65.129095
63.417945
62.675200
62.432869
62.327904
62.380816
62.494891
62.383873
62.047966
61.487436
60.846197
60.337786
60.368074
60.951455
61.087782
60.675782
60.070577
59.910703
60.119342
60.011419
65.832330
66.380101
67.376800
68.133049
67.833159
69.402505
71.068700
70.840186
69.861978
69.303194
68.652686
66.996619
64.875808
63.220555
62.524578
62.313673
62.140683
62.242052
62.259023
62.196307
61.882554
61.287875
60.559677
60.068941
60.149794
60.713647
60.871131
60.464475
59.836920
59.656355
59.889860
59.750888
65.597167
66.159527
67.108487
67.949970
67.799557
69.363785
70.991821
70.781615
69.923773
69.421604
68.653339
67.021221
64.987756
63.254156
62.518753
62.352252
62.243245
62.294796
62.332465
62.236893
61.967894
61.290327
60.637058
60.211128
60.207532
60.836375
61.033773
60.658115
59.946176
59.839050
60.110871
59.893650
65.297033
65.893697
66.975225
67.647942
67.342537
69.019709
70.762968
70.616034
69.739239
69.319222
68.485722
66.784671
64.710018
63.095061
62.368591
62.205636
62.069285
62.179670
62.115294
62.145187
61.976132
61.173893
60.500880
60.052342
60.163332
60.592433
60.832102
60.334174
59.765206
59.685511
59.978194
59.798140
65.254681
65.753127
66.663043
67.356272
67.041538
68.735289
70.619381
70.626324
69.779096
69.300724
68.391463
66.834875
64.774734
63.016487
62.160054
62.007476
61.849109
62.092337
62.089178
62.216564
61.919186
61.121955
60.460851
60.005566
60.051106
60.518057
60.800283
60.371151
59.823612
59.735766
60.052481
59.837268
65.157851
65.644847
66.601064
67.294822
67.015395
68.727903
70.513482
70.441929
69.881999
69.386091
68.388157
66.767754
64.692833
62.990021
62.272705
62.034349
61.914345
62.026079
62.001997
62.144899
61.874272
61.126471
60.445347
59.933727
60.056376
60.568796
60.842956
60.415547
59.658260
59.586678
59.863733
59.769287
65.613460
66.236859
67.232870
67.855620
67.664897
69.468640
71.152205
71.255780
70.591757
70.037688
69.068936
67.339669
65.242194
63.605466
62.853047
62.571837
62.436670
62.624179
62.549510
62.750939
62.501645
61.723972
61.039880
60.551376
60.653198
61.204167
61.442384
60.987651
60.184487
60.094661
60.462351
60.330418
65.562757
66.173467
67.246304
67.724749
67.458208
69.318441
71.017713
71.198235
70.478227
70.003737
69.041860
67.273715
65.232456
63.571712
62.847419
62.534732
62.382938
62.476215
62.532941
62.584964
62.335249
61.679760
60.986283
60.591242
60.736055
61.145819
61.330518
60.828082
60.109587
60.055268
60.397823
60.258336
65.420959
66.135129
67.205279
67.734861
67.452092
69.342705
71.130080
71.333013
70.766221
70.133902
69.202409
67.383284
65.175070
63.567122
62.887777
62.512075
62.460168
62.491291
62.510772
62.620196
62.564557
61.705946
61.065629
60.566233
60.706913
61.192579
61.390146
60.924035
60.147415
60.041101
60.470691
60.283724
65.370086
66.077691
67.338534
67.884665
67.652505
69.463694
71.243599
71.461303
70.888213
70.290435
69.235462
67.342778
65.161257
63.618973
62.874616
62.566211
62.439157
62.429543
62.552539
62.681031
62.619096
62.030291
61.149445
60.585133
60.878440
61.306010
61.499076
61.056167
60.268285
60.039951
60.439314
60.273584
65.925343
66.793432
68.024679
68.514444
68.337750
70.249760
72.024418
72.308631
71.582690
70.930835
69.732663
67.794214
65.568835
63.936040
63.320216
62.896649
62.755018
62.770084
62.945652
63.144771
63.073249
62.476515
61.731554
61.234076
61.332432
61.826886
61.987108
61.542035
60.770722
60.603690
60.836246
60.692533
66.265048
67.244023
68.486273
68.895942
68.740492
70.629097
72.539132
72.819833
72.111071
71.323469
69.935799
67.960791
65.818777
64.243864
63.483828
63.147898
63.080520
62.966040
63.053105
63.227265
63.232632
62.712076
62.001150
61.501732
61.647514
62.102768
62.296564
61.705115
61.059930
60.851114
61.116948
60.964602
66.647180
67.663998
68.893966
69.128694
68.941460
71.012392
72.936946
73.254070
72.545601
71.691967
70.229376
68.178878
65.953031
64.339431
63.675737
63.156677
63.178465
63.019557
63.077405
63.268940
63.189658
62.778579
62.228187
61.686910
61.803422
62.243167
62.404873
61.843320
61.102030
60.913111
61.253918
61.036894
66.615265
67.786980
69.094223
69.354840
69.263864
71.335046
73.199326
73.499305
72.730326
71.809887
70.308185
68.205405
65.949962
64.358305
63.529558
63.113631
63.076751
62.904430
63.001572
63.120081
63.098275
62.759629
62.105691
61.686873
61.870900
62.235248
62.338099
61.823182
61.013028
60.827945
61.128233
60.939319
67.384261
68.641308
69.971004
70.300047
70.064180
72.033036
73.994759
74.130057
73.418088
72.390940
70.891667
68.751924
66.415252
64.714155
63.954759
63.622001
63.448220
63.413749
63.493362
63.503657
63.492371
63.135545
62.599415
62.257745
62.314796
62.619867
62.705741
62.196211
61.337355
61.170155
61.492806
61.316524
67.780536
69.183131
70.552055
70.739331
70.534033
72.564492
74.432474
74.654708
73.762718
72.616975
71.001661
68.904485
66.612205
64.984515
64.109430
63.763364
63.593771
63.510777
63.594266
63.639810
63.621458
63.223757
62.774690
62.485421
62.517357
62.753616
62.741578
62.299920
61.441661
61.281531
61.501707
61.396495
68.050584
69.463611
70.839704
71.060310
70.824791
72.776142
74.637423
74.751751
73.950848
72.736148
71.093474
69.041096
66.538562
64.919630
64.093528
63.681676
63.452765
63.450166
63.580779
63.660458
63.613170
63.215622
62.852816
62.414814
62.413049
62.685216
62.670102
62.201782
61.373703
61.133204
61.392485
61.248234
68.296650
69.745767
71.114588
71.266503
71.094849
72.908254
74.612082
74.804831
73.921528
72.718064
71.028733
68.872968
66.545512
64.993263
64.016023
63.576478
63.269502
63.330137
63.357213
63.486407
63.499513
63.155245
62.665534
62.360001
62.323721
62.595078
62.558299
62.022591
61.155055
60.943314
61.276029
61.155560
68.538830
70.142794
71.502456
71.519763
71.294432
73.109503
74.834047
75.060751
74.117920
72.817272
71.094850
68.822377
66.518021
64.924014
63.904188
63.587834
63.223359
63.203354
63.172866
63.420755
63.457918
63.038329
62.605496
62.353617
62.347658
62.552590
62.444813
61.907415
61.141811
60.854743
61.067807
61.085704
69.106827
70.744278
72.230445
72.178848
71.902384
73.768418
75.342928
75.422725
74.490018
73.201602
71.350919
69.128673
66.716683
65.018831
64.228463
63.882220
63.440497
63.361128
63.375310
63.584162
63.612194
63.254325
62.770362
62.468050
62.566831
62.716602
62.625122
61.997402
61.196003
60.941893
61.202839
61.129172
69.513237
71.225588
72.742566
72.607199
72.276493
74.160755
75.723357
75.641260
74.673095
73.276757
71.309955
69.065461
66.663149
65.091951
64.234749
63.820443
63.414344
63.415084
63.426186
63.599072
63.715269
63.258168
62.918004
62.520190
62.605213
62.948319
62.650249
62.060954
61.208965
60.952755
61.237672
61.158178
69.557860
71.324339
72.740619
72.585950
72.208960
74.125253
75.493394
75.438239
74.419938
73.027170
71.065549
68.804685
66.428257
64.768955
63.949129
63.562376
63.140466
63.035841
63.096099
63.307952
63.496813
63.149266
62.649570
62.299868
62.457800
62.716401
62.488163
61.771612
60.923860
60.617385
60.900460
60.866018
69.688758
71.541057
72.927462
72.589307
72.234877
74.102962
75.506058
75.329450
74.279759
72.797748
70.846036
68.685584
66.183440
64.512522
63.759106
63.269407
62.829548
62.767703
62.816093
63.073800
63.265355
62.937203
62.477306
62.103854
62.238103
62.540646
62.253429
61.576462
60.612180
60.354851
60.656819
60.696925
70.296857
72.131103
73.442224
73.158972
72.750832
74.537134
75.875652
75.722950
74.460786
72.905772
70.916665
68.700269
66.279058
64.732364
63.862504
63.412026
62.962445
62.811455
62.830417
63.101641
63.289596
62.959921
62.473139
62.252299
62.477099
62.676791
62.384946
61.662614
60.719671
60.340563
60.630675
60.630430
70.437503
72.200814
73.532963
73.150570
72.628355
74.291574
75.574251
75.432505
74.266449
72.518083
70.654985
68.427859
65.929656
64.508724
63.783299
63.108253
62.647217
62.561892
62.707743
62.854036
63.040906
62.569339
62.186775
62.011674
62.189490
62.371464
62.207082
61.454755
60.438092
60.096898
60.355782
60.406286
70.434906
72.146110
73.494739
73.063218
72.447904
74.039023
75.200371
75.050133
73.953922
72.113699
70.136871
67.843258
65.498407
64.156709
63.362145
62.711033
62.233233
62.178784
62.223863
62.454564
62.566400
62.168505
61.848511
61.612560
61.724429
62.002403
61.778498
60.992158
60.016872
59.656829
59.931604
59.945369
71.244284
73.075920
74.327549
73.688062
73.103763
74.711928
75.646353
75.370819
74.153439
72.353506
70.425108
68.107354
65.818197
64.481561
63.650904
62.903296
62.394531
62.328243
62.420963
62.664507
62.794061
62.450923
62.050561
61.880434
62.009294
62.301413
62.099237
61.235147
60.228183
59.892032
60.174237
60.171403
71.602755
73.370128
74.549744
73.934125
73.187087
74.710310
75.631980
75.204336
73.958672
72.184898
70.136365
68.048389
65.750927
64.342969
63.407960
62.699736
62.144044
62.180265
62.297174
62.577446
62.659239
62.375063
61.960264
61.728201
61.874682
62.127304
61.882287
61.000194
60.080485
59.687050
59.953351
59.968018
71.549100
73.313350
74.431599
73.655048
72.827475
74.343461
75.230974
74.787948
73.427306
71.615305
69.587740
67.484181
65.237800
63.976580
62.994443
62.243396
61.692165
61.746776
61.833133
62.164761
62.207735
61.891584
61.531081
61.282366
61.443607
61.636771
61.363178
60.561352
59.661040
59.249636
59.536608
59.475968
71.840344
73.551545
74.538940
73.683890
72.766486
74.051991
74.865286
74.437709
73.151224
71.164181
69.220623
67.061692
64.908692
63.662098
62.745213
61.987077
61.406250
61.453736
61.503711
61.810886
61.917704
61.557770
61.164168
60.995019
61.191751
61.336878
61.123479
60.304778
59.279327
58.854886
59.180528
59.211799
71.558071
73.237176
74.066979
73.193831
72.353961
73.552110
74.115885
73.637247
72.303550
70.429620
68.525317
66.513623
64.354120
62.963476
62.155734
61.437468
60.754436
60.825269
60.974911
61.292991
61.456621
61.068812
60.681038
60.482927
60.602505
60.746437
60.485635
59.681656
58.750550
58.353523
58.673226
58.688324
71.606022
73.225728
73.898203
72.973238
72.054102
73.098628
73.625582
73.173163
71.792708
69.905752
68.032648
65.980913
63.893874
62.654590
61.784809
60.993372
60.299436
60.313249
60.482108
60.900856
60.952309
60.647293
60.316258
60.011868
60.098573
60.291268
60.026655
59.171889
58.190170
57.873876
58.125681
58.232350
71.372311
72.933435
73.533726
72.453825
71.601968
72.549746
72.949999
72.574476
71.135089
69.206205
67.334663
65.448002
63.319308
62.171152
61.412064
60.582338
59.874002
59.873129
60.067119
60.402317
60.562173
60.259285
59.810247
59.503576
59.571450
59.831834
59.503515
58.740707
57.794697
57.410423
57.624083
57.694162
71.085722
72.486602
72.915100
71.811299
70.932709
71.763968
72.036394
71.601939
70.151834
68.324352
66.432298
64.697278
62.708760
61.513558
60.731484
59.874933
59.265180
59.216878
59.328330
59.751962
59.920482
59.526074
59.046447
58.784876
58.845097
59.082774
58.788645
58.019921
57.115813
56.741453
57.005385
57.092137
71.037218
72.270355
72.686054
71.544234
70.478950
71.109248
71.483556
71.066194
69.600541
67.657504
65.881528
64.305771
62.262938
61.200841
60.392789
59.571483
58.924947
58.879951
58.953012
59.418521
59.660062
59.273734
58.780816
58.402132
58.401589
58.630746
58.352472
57.638036
56.722955
56.349482
56.599471
56.738582
70.619480
71.651488
71.840155
70.642680
69.649692
70.186418
70.521959
70.026386
68.511550
66.697986
64.873336
63.436088
61.517631
60.458880
59.618863
58.798392
58.190777
58.153713
58.216180
58.671285
58.859445
58.529661
58.068131
57.638957
57.616095
57.786966
57.545955
56.704559
55.876132
55.598522
55.913306
56.055549
70.639264
71.613537
71.742863
70.458565
69.404639
69.742599
70.046490
69.484651
67.896697
66.130369
64.533987
63.205227
61.313374
60.341152
59.481154
58.628094
58.045780
58.035416
58.134772
58.618564
58.773097
58.396755
57.833845
57.345056
57.406999
57.528996
57.203954
56.385668
55.660505
55.416788
55.690053
55.769957
70.302167
71.059548
70.937650
69.602164
68.477057
68.753543
69.001744
68.482830
66.915612
65.198998
63.632415
62.312664
60.567415
59.604050
58.816051
58.030036
57.439008
57.427885
57.570767
58.012578
58.154923
57.753852
57.240100
56.765342
56.743637
56.862039
56.543131
55.758160
55.050168
54.852274
55.040495
55.190844
69.790166
70.510783
70.307714
69.028884
67.827436
67.823641
68.117621
67.705072
66.082395
64.418291
62.922606
61.539478
59.954343
59.119352
58.296216
57.434613
56.851061
56.791946
56.962774
57.405238
57.559598
57.109064
56.637158
56.192630
56.045611
56.167716
55.861972
55.055623
54.398579
54.180882
54.399936
54.494021
69.534394
70.029042
69.657086
68.291597
67.003533
67.088133
67.240769
66.780327
65.275901
63.761063
62.302514
61.110143
59.534302
58.718795
57.913342
56.893304
56.400385
56.380326
56.517765
57.016806
57.111291
56.704580
56.149226
55.756653
55.546301
55.626347
55.373518
54.604166
53.903737
53.717829
54.006589
54.117543
69.374447
69.711556
69.223154
67.825766
66.506976
66.484701
66.650291
66.181582
64.721127
63.222164
61.840515
60.753742
59.264181
58.446408
57.702308
56.711141
56.127717
56.241227
56.363474
56.818315
56.932724
56.498411
55.885155
55.492529
55.318610
55.404175
55.082073
54.351755
53.715669
53.480520
53.663325
53.848608
68.958690
69.010516
68.424327
67.060793
65.630240
65.577496
65.569764
65.168688
63.830519
62.322508
60.947306
60.077569
58.611809
57.909433
57.147279
56.146301
55.540937
55.619926
55.798695
56.268498
56.375120
55.866987
55.298920
54.924315
54.660246
54.725388
54.445780
53.696440
53.124614
52.900905
53.083531
53.199449
68.477955
68.450480
67.691394
66.266086
64.866010
64.666959
64.746462
64.276383
62.975132
61.571006
60.324029
59.454191
58.130308
57.398234
56.608416
55.667079
55.065183
55.210666
55.397217
55.793351
55.973907
55.444179
54.874674
54.426525
54.126783
54.180096
53.914186
53.158648
52.598909
52.404621
52.554254
52.654361
68.331121
68.097597
67.164744
65.730056
64.319587
64.047649
64.134493
63.698788
62.412484
60.990445
59.758362
58.938809
57.707183
56.933811
56.153386
55.326902
54.723590
54.828229
55.112812
55.525269
55.611155
55.125243
54.531845
54.015267
53.733309
53.761632
53.535386
52.779009
52.225066
51.994021
52.176267
52.185944
68.277931
67.957489
66.939514
65.446707
63.941256
63.527718
63.545881
63.150665
61.985048
60.652572
59.402941
58.699315
57.505434
56.757166
56.032912
55.129560
54.594541
54.641795
54.881989
55.243998
55.453191
54.890490
54.365680
53.844023
53.566028
53.485853
53.313158
52.648746
52.082833
51.835313
51.985902
52.084740
67.885852
67.182804
65.994365
64.594974
63.209923
62.731877
62.746175
62.384794
61.212273
59.868423
58.762348
58.121595
56.900536
56.324768
55.588946
54.685310
54.216363
54.330435
54.451444
54.768052
54.967003
54.446149
53.907724
53.352540
52.956519
52.857814
52.617452
52.050948
51.509519
51.242321
51.341292
51.509203
67.231452
66.470299
65.309190
63.845239
62.249843
61.806247
61.873824
61.660456
60.583742
59.388576
58.214876
57.569520
56.317363
55.902282
55.165739
54.302860
53.863829
53.982714
54.083255
54.408456
54.465344
53.871058
53.401958
52.845336
52.437845
52.358914
52.123707
51.584068
51.080985
50.856604
50.926373
51.018707
66.834469
65.686492
64.278995
63.017944
61.499305
61.007667
61.032958
60.794805
59.857342
58.692541
57.630460
56.857219
55.665837
55.344120
54.707827
53.924452
53.418659
53.487776
53.591164
53.857651
53.884829
53.343723
52.864813
52.382910
51.944820
51.738489
51.503317
51.012792
50.457860
50.306908
50.410872
50.518704
