102.273613
102.835530
101.657565
99.311659
95.782057
93.542060
91.805992
90.698361
89.353934
87.731383
86.641679
87.930007
86.900048
87.318901
87.270390
86.543221
85.926707
86.301762
86.248030
86.835033
87.221009
86.814669
86.245607
85.682138
85.303204
85.159772
85.279366
85.220677
85.805892
86.276311
86.505940
86.999538
102.705370
103.556248
102.622580
100.112165
96.467720
94.287953
92.638982
91.539035
90.021564
88.513264
87.442742
88.701598
87.515878
87.938953
87.757378
87.192479
86.510464
86.954183
86.907554
87.634722
87.968469
87.363075
86.858494
86.302018
85.978466
85.840996
86.050492
85.921160
86.459632
86.982284
87.234140
87.767993
103.138551
103.975984
103.070171
100.695948
97.079642
94.884483
93.342141
92.162743
90.705379
89.176797
88.051919
89.200172
87.917324
88.313746
88.243675
87.667850
87.041242
87.469699
87.457213
88.155297
88.453975
87.985618
87.574576
86.979477
86.555872
86.453049
86.809909
86.704607
87.114425
87.695283
87.971440
88.631363
103.382103
104.465776
103.692928
101.305728
97.622883
95.412659
93.980429
92.878933
91.426427
89.758081
88.638661
89.861529
88.533120
88.909575
88.803782
88.202435
87.582081
88.043095
88.134269
88.789491
89.232695
88.765356
88.275738
87.659450
87.221972
87.122721
87.484918
87.415730
87.960530
88.527636
88.814415
89.471226
103.706124
104.786131
104.049726
101.780146
98.195847
96.083108
94.754006
93.598119
92.047147
90.412137
89.262351
90.299657
89.113549
89.450983
89.278202
88.607336
87.974254
88.465423
88.596509
89.369082
89.770679
89.413583
88.775040
88.282301
87.797202
87.771458
88.189995
88.073177
88.561470
89.111677
89.499579
90.171696
104.134722
105.416871
104.778759
102.587376
98.850736
96.844488
95.549419
94.533456
93.001956
91.227330
89.961226
91.159386
89.831023
90.085534
89.792940
89.288558
88.702334
89.070059
89.278486
90.123553
90.676817
90.272179
89.719055
89.154240
88.717250
88.722240
89.076019
88.996753
89.525570
90.104129
90.526293
91.253936
104.970477
106.278645
105.660802
103.445792
99.793815
97.834936
96.720411
95.537455
93.916614
92.139803
90.965320
92.005133
90.616202
90.907049
90.676561
90.024009
89.516257
89.895522
90.002895
91.027983
91.589263
91.169763
90.561993
89.999270
89.747993
89.687768
90.100073
89.906655
90.460050
91.110150
91.555584
92.237021
105.556558
107.002254
106.608243
104.552290
100.938329
99.103202
97.940623
96.708001
95.079791
93.224000
92.054609
92.996905
91.608715
91.805407
91.540033
90.852350
90.283581
90.714852
90.919149
91.791650
92.508943
92.184267
91.680412
91.189311
90.858049
90.910851
91.295011
91.101382
91.570799
92.270958
92.762482
93.512959
106.632208
108.197397
107.753368
105.602847
102.104186
100.333249
99.232985
98.005219
96.223343
94.377076
92.988672
94.054105
92.573198
92.698217
92.425816
91.754605
91.198408
91.641160
91.817888
92.910941
93.631681
93.302234
92.694687
92.125146
91.872667
91.969641
92.420945
92.247940
92.612795
93.224032
93.791528
94.667025
107.775877
109.536561
109.287287
107.201169
103.662122
102.026249
101.010176
99.692580
97.667442
95.823104
94.421597
95.383215
93.829150
93.928682
93.660569
93.000762
92.327147
92.777806
92.943360
94.060293
94.916903
94.491662
94.029557
93.419239
93.101335
93.174683
93.731411
93.662307
94.027522
94.658689
95.318248
96.097801
109.021156
110.945906
110.665585
108.686523
105.091660
103.525053
102.616306
101.436098
99.457502
97.497707
96.030402
96.883670
95.235041
95.322636
94.976089
94.231784
93.560994
94.059902
94.451880
95.566081
96.344826
95.968917
95.484716
94.888403
94.518968
94.621883
95.272054
95.058689
95.466778
96.107179
96.691841
97.696414
110.411702
112.512703
112.486642
110.532775
106.966711
105.475879
104.595866
103.425066
101.592535
99.479826
97.800837
98.630621
96.982538
96.960130
96.453721
95.657989
94.994994
95.493003
95.927534
97.159089
98.001463
97.657518
97.079103
96.507163
96.089411
96.302479
97.100417
96.904296
97.233431
97.843347
98.528046
99.435217
112.119674
114.319790
114.380738
112.508945
109.005076
107.641633
106.761284
105.466188
103.469079
101.376290
99.672653
100.354580
98.637503
98.576803
97.887173
96.994630
96.277785
96.756964
97.291413
98.571929
99.569278
99.260404
98.630703
97.958713
97.678714
97.917990
98.736071
98.552582
98.783574
99.319511
99.975268
100.982599
113.853552
116.286242
116.509386
114.732784
111.372089
109.950353
109.185302
107.952423
105.724060
103.505090
101.796309
102.544101
100.734374
100.515796
99.722751
98.767509
98.102849
98.570406
99.052366
100.410634
101.489598
101.189966
100.441546
99.769157
99.521954
99.942657
100.647670
100.486584
100.795458
101.345929
101.969908
102.910372
115.937027
118.560076
118.712181
117.069511
113.608156
112.201124
111.595778
110.280926
108.066100
105.808083
103.950335
104.608926
102.613475
102.390219
101.488769
100.468819
99.722291
100.238327
100.768741
102.176317
103.246233
102.997148
102.237976
101.515834
101.303359
101.829088
102.561665
102.264359
102.412602
102.961664
103.545590
104.579608
117.926889
120.803786
121.342473
119.785923
116.377057
115.199260
114.633959
113.265743
110.971445
108.476725
106.604174
107.168640
105.105639
104.551412
103.585419
102.632493
101.858924
102.240939
102.696543
104.090386
105.199437
104.980043
104.298349
103.578503
103.458981
104.083676
104.838951
104.508305
104.578321
105.137135
105.771008
106.673671
120.180294
123.310427
123.967810
122.484656
119.120157
117.856142
117.424817
116.010468
113.584807
111.045500
109.093458
109.427259
107.237761
106.690487
105.680192
104.614199
103.737800
104.182474
104.585777
106.071189
107.218434
106.889418
106.163888
105.530057
105.345531
106.039484
106.985100
106.498853
106.556918
107.157133
107.711512
108.693312
122.408723
125.857387
126.727497
125.523971
122.127469
120.902664
120.598827
119.193316
116.615191
113.814122
111.846880
112.152641
109.794499
109.148507
107.957579
106.699214
105.956109
106.292027
106.796007
108.286188
109.289913
109.079112
108.432737
107.844273
107.748803
108.505172
109.360427
108.991918
108.991698
109.603580
110.186501
111.025514
124.829518
128.473400
129.499555
128.266533
124.929868
123.946180
123.805723
122.280038
119.435681
116.573387
114.387891
114.566939
112.085753
111.222586
110.171018
108.979206
107.997508
108.311654
108.987657
110.433561
111.341319
111.203453
110.515799
109.875042
109.838246
110.612869
111.502511
111.131579
111.075545
111.518428
112.098788
113.053981
127.477885
131.439728
132.561330
131.383043
127.984486
127.097849
127.056440
125.579605
122.768639
119.804584
117.256049
117.353472
114.740555
114.049002
112.715760
111.377547
110.353778
110.780636
111.456763
112.857261
113.830022
113.707817
112.973265
112.241792
112.311738
113.218779
114.025349
113.640701
113.561294
113.949339
114.521482
115.304996
129.794102
134.085251
135.438190
134.489607
131.152506
130.440227
130.243795
128.639908
125.867625
122.802853
120.263852
120.192105
117.376140
116.390903
114.938715
113.546175
112.534097
113.021715
113.545299
115.029888
116.096537
116.029460
115.319585
114.497502
114.533556
115.500035
116.449837
115.878592
115.706932
115.985888
116.521490
117.381054
132.421290
137.045616
138.695870
137.783908
134.431055
133.686652
133.806580
132.219428
129.314820
126.090446
123.430775
123.364667
120.344430
119.022793
117.522803
116.038998
114.952046
115.481354
116.107978
117.653939
118.721376
118.553302
117.825885
117.194935
117.168860
118.216289
119.112983
118.579276
118.322023
118.578277
119.083976
119.795362
135.114786
139.950235
141.666819
140.794613
137.462981
137.013071
137.207645
135.433609
132.539342
129.232293
126.423578
126.107115
122.977577
121.734784
120.163184
118.514488
117.358477
117.862647
118.493120
120.041292
121.126481
121.041712
120.213928
119.430898
119.518518
120.578895
121.622649
120.956880
120.506507
120.672735
121.072402
121.862877
137.675519
142.871328
144.864026
144.047809
140.734462
140.362243
140.756105
138.988304
135.884467
132.486582
129.591027
129.135563
125.934384
124.541189
122.872146
121.104194
119.913059
120.382780
121.033951
122.637308
123.788793
123.583174
122.840790
122.018891
122.079207
123.306889
124.234024
123.480331
123.018786
123.106327
123.589287
124.241295
140.309014
145.787579
147.895062
147.118311
143.815898
143.478157
144.007279
142.100056
138.942003
135.370312
132.373810
131.741006
128.333075
126.959502
125.164400
123.369799
122.220936
122.594135
123.315587
124.899087
126.075891
125.981739
125.128556
124.285181
124.446225
125.585269
126.525272
125.749125
125.139955
125.096650
125.528525
126.262345
143.016506
148.840927
151.073728
150.447927
147.179821
146.930359
147.461529
145.699080
142.378987
138.608277
135.439201
134.673945
131.179550
129.737432
127.698534
125.937511
124.800309
125.154552
125.752674
127.408666
128.577384
128.398876
127.545242
126.944856
127.099367
128.376936
129.169582
128.248442
127.564057
127.587795
128.004960
128.583429
145.652862
151.747602
154.169748
153.600538
150.264961
150.123383
150.770872
148.859901
145.377141
141.481096
138.330861
137.521882
133.794141
132.067367
130.118636
128.247282
126.973335
127.301555
127.989672
129.687253
130.860212
130.772995
129.918554
129.211917
129.475533
130.723970
131.471341
130.437288
129.678207
129.540418
130.041819
130.459457
148.228463
154.681494
157.334380
156.760905
153.326021
153.333492
154.073912
152.113339
148.400249
144.453912
141.178172
140.317053
136.541672
134.647203
132.605811
130.765442
129.396871
129.695573
130.421955
132.128184
133.268956
133.068499
132.355434
131.779656
132.058956
133.252535
133.920867
132.883595
132.044226
132.047578
132.453982
132.743406
150.574805
157.321614
160.148425
159.684776
156.376696
156.286868
157.064775
154.942147
151.345214
147.244905
143.818091
142.772655
138.794335
136.953170
134.851798
132.924292
131.540508
131.744945
132.441566
134.160463
135.322632
135.182174
134.422241
133.786522
134.122823
135.270127
135.854470
134.698856
133.917705
133.808317
134.166561
134.518440
153.211698
160.235617
163.299738
162.903879
159.576634
159.583369
160.477493
158.353598
154.397881
150.138676
146.664850
145.477841
141.329529
139.383805
137.231001
135.295194
133.779867
133.901794
134.606809
136.416816
137.549250
137.374282
136.700775
136.122895
136.463205
137.637354
138.132045
136.984632
136.115884
135.930669
136.258982
136.491578
155.725616
163.037405
166.137731
165.740674
162.341544
162.484606
163.406525
161.131902
157.091767
152.751549
149.111063
147.766790
143.583488
141.498056
139.202712
137.193637
135.740343
135.974475
136.600689
138.425169
139.596134
139.382500
138.671877
138.195687
138.513433
139.505771
140.052806
138.884753
137.882352
137.707993
137.944628
138.135950
158.001276
165.635849
168.933657
168.404009
165.049737
165.428476
166.350185
163.989965
159.996894
155.507743
151.611595
150.260553
145.855623
143.683911
141.383184
139.412997
137.834570
138.109201
138.759988
140.508007
141.895403
141.605600
140.952337
140.424848
140.674474
141.776118
142.119451
140.863604
139.733270
139.643227
140.002913
140.122040
160.406638
168.242233
171.636090
171.203384
167.810643
168.205453
169.106819
166.714754
162.526826
158.100662
153.998245
152.528382
148.015270
145.703814
143.331048
141.312095
139.730252
139.896720
140.658604
142.465400
143.684909
143.472925
142.756028
142.242789
142.556051
143.481707
143.875081
142.553014
141.438937
141.155359
141.483291
141.633187
162.490131
170.614010
174.200685
173.838458
170.451059
170.957229
171.973304
169.453747
165.175331
160.490356
156.461115
154.885835
150.171343
147.612953
145.278673
143.270344
141.659449
141.947385
142.592774
144.397412
145.521790
145.262025
144.600756
144.142614
144.495967
145.399705
145.746691
144.331062
143.154027
143.010537
143.288566
143.222654
164.421011
172.786899
176.560660
176.261028
172.861196
173.463324
174.409201
171.912141
167.455294
162.552451
158.521853
156.795471
151.978992
149.364018
146.891748
144.796671
143.257682
143.500588
144.174251
146.156534
147.271013
146.965939
146.247152
145.751339
146.015016
146.963769
147.312651
145.725771
144.455477
144.231788
144.586507
144.487650
166.555529
175.189857
179.020312
178.750233
175.353055
176.084202
177.127275
174.516644
169.914411
164.958864
160.656426
158.849621
154.008525
151.283572
148.866005
146.714774
144.983555
145.261340
146.061074
147.952366
149.035516
148.744021
148.053103
147.644109
147.947704
148.842290
149.021872
147.419019
145.969682
145.821915
146.291841
146.042339
168.561303
177.422390
181.404667
181.041099
177.555525
178.246164
179.463215
176.849988
172.077258
166.971109
162.535267
160.704007
155.717225
152.856157
150.367708
148.160504
146.394471
146.733355
147.583789
149.438470
150.580693
150.262077
149.556052
149.151751
149.410197
150.285920
150.444481
148.795314
147.328591
147.072133
147.346169
147.236641
170.421804
179.584694
183.656559
183.284455
179.812492
180.563636
181.669104
178.951531
174.100946
168.949012
164.438948
162.407924
157.363853
154.609848
151.999506
149.659824
147.960651
148.315336
149.145193
151.025766
152.092658
151.863786
151.196399
150.706455
150.953645
151.836434
151.870727
150.114966
148.573408
148.408272
148.731842
148.341785
171.865771
181.190135
185.355628
185.070782
181.578796
182.371099
183.594184
180.812594
175.807187
170.460922
165.823835
163.893621
158.658371
155.851691
153.262601
150.929646
149.147290
149.537198
150.356005
152.322424
153.408313
153.058153
152.409822
152.074170
152.212467
152.919337
153.027617
151.175686
149.561426
149.304798
149.595382
149.298491
173.413726
182.966531
187.289805
186.795732
183.394825
184.204790
185.272859
182.495660
177.491964
172.188091
167.501512
165.382685
159.915269
157.140266
154.481074
152.171641
150.431733
150.704666
151.541072
153.550403
154.699029
154.383070
153.719804
153.297353
153.463510
154.143670
154.136251
152.415896
150.725744
150.390840
150.817141
150.410068
174.639684
184.551903
188.989275
188.567984
185.028956
185.988314
187.036514
184.197226
179.067451
173.719331
168.932694
166.758382
161.257194
158.351158
155.527520
153.193419
151.506327
151.762682
152.786703
154.713188
155.807582
155.496572
154.713360
154.270131
154.442454
155.082782
155.124086
153.261094
151.578930
151.170195
151.441937
151.017073
176.061537
186.104324
190.661089
190.212126
186.721899
187.739156
188.843485
185.960158
180.733409
175.328567
170.476413
168.153240
162.712423
159.669744
156.744606
154.443168
152.652586
152.956023
153.873632
155.917170
156.941035
156.547295
155.833281
155.476679
155.503767
156.205981
156.271735
154.475773
152.601691
152.227030
152.511247
152.094303
177.211313
187.576332
192.146567
191.586580
188.148306
189.308797
190.328260
187.463281
182.084146
176.479965
171.607214
169.248396
163.864074
160.812353
157.866311
155.428957
153.576947
153.883733
154.825328
156.878592
157.815422
157.422426
156.632952
156.264510
156.471587
157.107717
157.184090
155.210181
153.390767
152.794441
152.958528
152.679443
178.345363
188.789384
193.512603
192.962749
189.462066
190.476100
191.551861
188.734491
183.286560
177.681715
172.683020
170.222427
164.751009
161.590516
158.818113
156.328393
154.535815
154.668175
155.618244
157.641953
158.615991
158.202772
157.500952
157.142510
157.260196
157.961304
157.946456
156.022473
154.147048
153.597186
153.703475
153.287012
179.302141
189.997266
194.829975
194.192720
190.591058
191.713651
192.813068
189.877169
184.421173
178.749797
173.648533
171.114568
165.629210
162.440963
159.660241
157.119934
155.227993
155.327962
156.292184
158.296419
159.420047
159.002676
158.176814
157.765402
158.073034
158.656784
158.572809
156.583912
154.723741
153.993068
154.099343
153.801409
180.251987
191.145493
196.014453
195.373416
191.810268
192.860216
193.991473
191.008878
185.492097
179.709919
174.572695
172.141023
166.640122
163.409094
160.541405
157.986396
156.130664
156.194231
157.222247
159.178180
160.343257
159.882166
159.039195
158.695443
158.890786
159.413332
159.274099
157.245550
155.407090
154.751917
154.838381
154.372698
181.102566
192.105063
197.005063
196.283232
192.672410
193.778856
194.943263
191.964033
186.389153
180.563562
175.327085
172.830533
167.404187
164.228548
161.195938
158.560039
156.815372
156.833574
157.761757
159.796024
160.889787
160.494138
159.622545
159.230584
159.487490
159.906948
159.682738
157.504681
155.578435
154.924588
154.921755
154.434452
181.725390
192.798944
197.726307
197.006232
193.257050
194.372545
195.611881
192.558619
187.058022
181.212450
175.892121
173.424745
167.986990
164.651945
161.682444
159.152829
157.249471
157.414159
158.320743
160.440984
161.519161
161.089652
160.215403
159.759365
159.802153
160.277460
160.097000
158.010312
156.022037
155.293426
155.404893
154.799758
182.298719
193.491515
198.348194
197.534799
193.760653
194.967977
196.108037
192.987087
187.549296
181.670069
176.377282
173.909829
168.310580
164.976033
161.933632
159.438239
157.525712
157.658769
158.609177
160.829041
161.913057
161.448825
160.561120
160.058888
160.068530
160.570595
160.364950
158.142493
156.141791
155.368912
155.389045
154.757311
182.671854
194.022337
198.928124
197.957510
194.237247
195.599248
196.762879
193.619486
188.040699
182.081856
176.876500
174.391958
168.703191
165.447462
162.569584
159.941259
157.910206
158.182603
159.071695
161.241526
162.347327
161.844174
160.977786
160.438675
160.450038
160.896222
160.514469
158.341296
156.270424
155.691272
155.648456
154.953223
182.958429
194.365917
199.279514
198.208980
194.505571
195.754511
196.864849
193.739688
188.016029
182.076621
177.016781
174.604311
168.901105
165.619558
162.687854
160.074980
158.125776
158.337092
159.296223
161.359407
162.378770
161.879779
160.925856
160.493673
160.491188
160.736717
160.343041
158.090960
156.107440
155.297778
155.198009
154.665407
183.050825
194.554652
199.419760
198.241634
194.440723
195.612365
196.752053
193.580212
188.147974
182.116805
176.877505
174.524509
168.847461
165.481888
162.498411
159.916073
157.970952
158.267782
159.268906
161.314956
162.308130
161.703305
160.827927
160.315749
160.279894
160.537792
160.102319
157.969563
155.875419
155.058622
155.027318
154.439398
183.025889
194.589610
199.407160
197.991637
194.197106
195.456025
196.494040
193.357062
187.747714
181.738245
176.650405
174.320566
168.588196
165.259314
162.209271
159.643669
157.653228
158.019335
158.971527
161.106469
162.057732
161.433461
160.424030
159.857563
159.922500
160.072322
159.719262
157.438654
155.312486
154.440832
154.403117
153.792565
182.820652
194.358243
199.053320
197.689041
193.885972
195.096257
196.137344
193.044969
187.565752
181.653177
176.378398
174.127811
168.546586
165.130719
162.095870
159.537663
157.596726
157.890297
158.888648
161.082591
161.903955
161.245579
160.357661
159.751669
159.743971
159.917103
159.423536
157.193633
155.052267
154.223366
154.229597
153.576676
182.348492
193.943421
198.651912
197.214194
193.437878
194.677283
195.597808
192.406701
187.116512
181.194657
175.864112
173.554935
168.089498
164.856228
161.921958
159.184784
157.186778
157.506466
158.524526
160.553165
161.455562
160.785450
159.633913
159.138870
159.182471
159.254656
158.655861
156.398000
154.379197
153.369792
153.279984
152.888909
181.790677
193.436811
198.120935
196.568591
192.786984
193.934868
194.744712
191.784896
186.446830
180.474320
175.291649
173.057031
167.518143
164.294075
161.351732
158.659069
156.682624
157.082943
158.119247
160.246618
161.136658
160.388113
159.232693
158.617104
158.590841
158.655880
158.040755
155.801593
153.673476
152.800666
152.823081
152.284900
180.979783
192.557341
197.175441
195.543819
191.759839
192.900489
193.649977
190.508921
185.229525
179.366137
174.241520
172.000061
166.405468
163.180667
160.287131
157.621812
155.780463
156.127998
157.095465
159.250888
160.110641
159.353772
158.133407
157.372368
157.428252
157.468564
156.885145
154.655400
152.492823
151.520375
151.496656
151.013558
180.548180
192.064116
196.531212
194.822169
191.096626
192.272098
192.801676
189.795469
184.493779
178.640217
173.498169
171.235674
165.748156
162.447430
159.571908
157.002136
155.184296
155.458657
156.578787
158.697147
159.599929
158.809127
157.591695
156.871829
156.813812
156.792521
156.205088
154.081101
151.849914
150.908513
150.969616
150.328633
179.899781
191.386481
195.722671
193.834792
190.129707
191.276842
191.875620
188.817644
183.359902
177.575271
172.510793
170.336663
164.916579
161.761589
158.909707
156.236789
154.342112
154.698721
155.778412
157.920745
158.820285
157.998765
156.717598
155.935740
155.941240
155.905782
155.264707
153.050270
150.890517
149.872799
149.845845
149.339424
179.280110
190.634547
194.701962
192.708005
188.948701
190.030583
190.604909
187.685086
182.375708
176.504776
171.528621
169.353844
164.002041
160.801429
158.099677
155.407490
153.651833
153.856646
154.908868
157.012981
157.969307
157.087685
155.893587
155.097546
154.979917
154.963440
154.242664
152.082458
149.962423
149.071142
148.984083
148.467068
177.982998
189.233460
193.229011
191.085420
187.301578
188.330948
188.790081
185.811412
180.567395
174.831583
169.969150
167.786921
162.417451
159.404933
156.592045
154.008407
152.282697
152.475328
153.521445
155.697591
156.594733
155.629596
154.324826
153.632736
153.523784
153.477944
152.779257
150.498943
148.417249
147.468533
147.400955
147.043311
176.959074
188.052471
191.908438
189.718882
185.995161
186.902451
187.170509
184.175500
178.984310
173.300481
168.550553
166.430576
161.117031
158.127227
155.438445
152.776346
151.071195
151.321758
152.462205
154.620810
155.417142
154.489789
153.388765
152.561535
152.436786
152.366860
151.491499
149.205700
147.299717
146.511131
146.523621
145.874862
175.811146
186.819600
190.486333
188.238706
184.466617
185.274400
185.472431
182.550187
177.310844
171.790411
167.005410
165.053943
159.882260
156.990081
154.244517
151.576807
149.917068
150.131341
151.277380
153.388731
154.201329
153.298443
152.070679
151.349417
151.227042
151.034513
150.160534
147.933565
145.957445
145.237750
145.038729
144.500935
174.786834
185.452098
188.990942
186.617852
182.826258
183.554500
183.720941
180.839114
175.856227
170.230918
165.478094
163.625909
158.515958
155.618983
152.940400
150.298359
148.684786
149.083477
150.224146
152.293118
153.018250
152.126295
150.964790
150.296135
150.027120
149.810197
148.867815
146.724143
144.792855
144.159187
144.095424
143.423674
172.963946
183.529148
186.895675
184.369596
180.584476
181.228933
181.229008
178.451132
173.498915
167.884411
163.130027
161.426645
156.433839
153.748853
151.087083
148.430282
146.979180
147.377443
148.475604
150.411335
151.135791
150.306542
149.100919
148.342152
148.125026
147.814773
146.906899
144.644765
142.756659
142.042523
141.958716
141.475592
171.294134
181.649514
184.903724
182.317476
178.547714
179.088880
179.039792
176.276956
171.495344
165.983775
161.249994
159.562861
154.649467
152.034600
149.356892
146.879828
145.352646
145.915764
147.040103
148.845821
149.523065
148.584316
147.483474
146.797077
146.527381
146.171451
145.231003
142.989027
141.180772
140.511873
140.442882
139.969606
169.904881
180.102051
183.170204
180.559888
176.774042
177.105707
176.963041
174.171145
169.450598
164.017308
159.397254
157.669364
152.861349
150.358071
147.868108
145.363793
143.717115
144.231912
145.337557
147.103897
147.832967
146.935941
145.676883
145.006286
144.917958
144.496857
143.551415
141.277991
139.436680
138.721167
138.717996
138.332479
168.561610
178.560248
181.495189
178.778044
174.891390
175.171330
174.932018
172.112867
167.454078
162.098523
157.580565
156.085940
151.281307
148.789835
146.352668
143.896534
142.144996
142.712227
143.719024
145.568430
146.256117
145.292085
144.100853
143.461784
143.277658
142.856808
141.877234
139.727481
137.999981
137.315965
137.383928
136.964522
166.724342
176.542808
179.362798
176.540006
172.669338
172.749011
172.270458
169.452059
164.783527
159.640892
155.124419
153.726998
149.094625
146.696410
144.406779
142.001438
140.203800
140.657731
141.752600
143.563200
144.163777
143.215462
141.947398
141.374146
141.224242
140.713919
139.858686
137.707708
136.002614
135.321363
135.222274
134.866664
165.072674
174.557779
177.101223
174.141676
170.214013
170.140124
169.659162
166.781470
162.150237
157.137367
152.641176
151.346328
146.964435
144.707726
142.429608
140.032103
138.259815
138.643391
139.667951
141.453976
142.136981
141.132250
139.968910
139.385645
139.205555
138.811994
137.877152
135.797371
134.031504
133.425778
133.491705
133.162366
163.025893
172.261888
174.704481
171.735518
167.876328
167.818276
167.119742
164.189984
159.624205
154.595489
150.295182
149.109247
144.787679
142.601171
140.388578
138.030725
136.336759
136.696201
137.639323
139.478037
140.139918
139.199065
137.969802
137.290122
137.150580
136.684969
135.822354
133.685048
131.960910
131.391902
131.383012
131.249003
161.365533
170.405134
172.718231
169.610583
165.746049
165.512591
164.733799
161.827805
157.362206
152.421115
148.279439
147.145690
142.941356
140.694437
138.610222
136.370585
134.591774
135.033618
135.884972
137.728391
138.374188
137.403229
136.341385
135.726289
135.458491
135.041021
134.055800
132.025166
130.437316
129.861705
129.861470
129.720515
159.403919
168.176369
170.303598
167.153945
163.238666
162.978922
161.999174
159.207880
154.671479
149.864142
145.822721
144.886613
140.665823
138.628227
136.667392
134.302788
132.546733
133.023907
134.055318
135.780628
136.331784
135.264239
134.127009
133.604697
133.366622
132.933451
132.000638
130.044511
128.461489
127.816747
127.797773
127.768999
157.265258
165.731223
167.681203
164.543122
160.492076
160.072396
159.029005
156.144152
151.850254
147.097774
143.236007
142.375184
138.353570
136.455234
134.347090
132.180013
130.517006
130.842747
131.850011
133.583425
134.106933
133.095852
131.989598
131.428630
131.151792
130.800014
129.879564
128.054924
126.466515
125.907027
125.953863
125.887505
155.450704
163.437716
165.224889
161.992437
158.061584
157.527158
156.219505
153.450157
149.360412
144.582677
140.794429
140.128047
136.306537
134.424993
132.316613
130.229327
128.740495
128.935356
129.916744
131.678370
132.122718
131.066440
129.935232
129.444357
129.146026
128.616129
127.803257
126.011507
124.528214
123.951915
123.930622
124.039499
152.878126
160.676636
162.295143
159.018936
155.028032
154.356103
153.000683
150.281857
146.173817
141.607048
138.094938
137.447904
133.702201
132.079181
130.072098
127.877214
126.443443
126.719935
127.626521
129.298366
129.702987
128.732204
127.557512
127.108304
126.752404
126.219240
125.430359
123.722388
122.342594
121.777053
121.778297
121.802289
149.761556
157.263071
158.860587
155.655430
151.458505
150.654321
149.343182
146.585214
142.425352
138.012800
134.637069
134.079134
130.464461
129.007089
127.064535
124.916415
123.441019
123.734418
124.608555
126.249918
126.581564
125.680945
124.504341
124.017700
123.694813
123.132445
122.460532
120.683068
119.330770
118.774484
118.819101
118.957219
147.482040
154.698752
156.113545
152.578315
148.583882
147.659977
146.266746
143.458813
139.479739
135.159950
131.898017
131.470002
128.037110
126.726796
124.767243
122.708678
121.137339
121.421910
122.270122
123.889895
124.265535
123.371342
122.120529
121.638002
121.373463
120.892688
120.186274
118.469869
117.097533
116.605640
116.778873
116.876530
145.521870
152.562007
153.762740
150.305115
146.287840
145.174993
143.619409
140.889373
137.125887
132.752360
129.577207
129.379275
126.058041
124.901696
122.977731
120.921288
119.431123
119.805597
120.457417
122.003742
122.395468
121.445525
120.200334
119.712119
119.401995
118.884726
118.181073
116.543762
115.154782
114.659585
114.717572
114.976938
143.185419
149.994526
150.983793
147.500741
143.485101
142.356215
140.640586
137.900717
134.195331
130.018515
126.980921
126.821865
123.752368
122.506074
120.740253
118.788805
117.247112
117.645050
118.181947
119.688311
120.197194
119.120559
118.010991
117.403425
117.123515
116.691201
116.020787
114.365465
113.121118
112.690079
112.763258
112.986659
141.370454
147.693773
148.589209
145.261761
141.048003
139.798823
138.034674
135.370396
131.665763
127.505222
124.603663
124.700798
121.796202
120.536357
118.762251
116.890238
115.470782
115.718877
116.345122
117.756372
118.144659
117.207787
116.017735
115.547579
115.171253
114.668432
114.000454
112.488191
111.319055
110.921100
110.949939
111.182918
138.918742
144.978129
145.748119
142.301353
138.347101
136.887621
134.887535
132.250060
128.678656
124.867367
122.069207
122.047608
119.187215
118.156511
116.629829
114.675624
113.157306
113.380152
113.980058
115.473884
115.827439
114.865037
113.819389
113.228573
112.860180
112.420172
111.725333
110.265711
109.253744
108.872816
108.948457
109.168115
137.086997
142.942954
143.453541
140.050202
135.963308
134.296302
132.213674
129.566937
126.238098
122.523297
119.814241
119.920410
117.258928
116.227607
114.674976
112.832577
111.282150
111.546411
112.174592
113.607070
113.932760
112.955311
111.783313
111.278613
110.936066
110.460409
109.853716
108.510840
107.441881
107.099737
107.079595
107.365931
135.137864
140.875924
141.270024
137.776360
133.674726
131.928569
129.729278
127.176286
123.728207
120.176631
117.597697
117.872400
115.201658
114.386501
112.911276
111.111402
109.628844
109.834630
110.413833
111.755065
112.238830
111.148024
109.963032
109.452807
109.037347
108.597312
107.939315
106.739154
105.844249
105.520533
105.555123
105.790049
133.084443
138.409176
138.576500
135.068242
130.960374
129.097639
126.927643
124.503856
121.061597
117.634747
115.184254
115.556873
113.000542
112.230254
110.739339
108.945657
107.643615
107.977913
108.318066
109.721420
110.124002
109.082999
107.908107
107.448350
107.006096
106.428545
105.837810
104.668314
103.861406
103.470593
103.593947
103.882092
130.888994
135.978246
136.003642
132.475972
128.309990
126.333824
124.116845
121.782411
118.429963
115.083691
112.799027
113.300349
110.896321
110.087329
108.697194
107.031136
105.676357
105.908900
106.456898
107.727556
108.101562
107.129804
106.125370
105.492014
104.992604
104.462706
103.859669
102.820075
102.065277
101.715257
101.912279
102.136518
128.618985
133.372258
133.353641
129.804549
125.627562
123.630258
121.322493
118.960960
115.758366
112.416438
110.313824
110.920795
108.583535
107.891016
106.599139
104.900170
103.599362
103.859722
104.295452
105.668642
105.989073
104.968561
103.886616
103.190951
102.868528
102.249612
101.723919
100.651288
100.006243
99.716757
99.724377
100.128479
126.865786
131.366112
131.275742
127.706970
123.526921
121.516066
119.178204
116.771504
113.661393
110.493332
108.553560
109.133927
106.876097
106.261243
104.942006
103.280185
101.980528
102.277019
102.851807
104.228683
104.420586
103.353303
102.364998
101.698474
101.208393
100.664216
100.221599
99.235002
98.678885
98.508812
98.525844
98.862596
124.832351
129.070473
128.887290
125.303143
121.065148
118.929228
116.605597
114.142527
111.251784
108.211000
106.256257
107.044297
104.904493
104.356627
103.045615
101.438106
100.235163
100.517524
101.044737
102.388980
102.546999
101.512459
100.460349
99.868023
99.429738
98.758911
98.374992
97.419144
96.892482
96.706306
96.634005
97.010694
122.643245
126.727967
126.383230
122.914802
118.701920
116.452861
113.988300
111.668680
108.827779
106.016466
104.229164
105.000278
102.966449
102.472032
101.296944
99.646934
98.480648
98.763168
99.260059
100.696658
100.789697
99.797925
98.783640
98.148042
97.561762
97.014990
96.631141
95.708584
95.198458
95.091342
95.219246
95.553931
120.515019
124.179561
123.697170
120.200632
115.967201
113.598059
111.197299
109.032031
106.230528
103.468344
101.812687
102.705503
100.743700
100.324506
99.377645
97.688201
96.480880
96.801455
97.315368
98.570627
98.755481
97.777346
96.758892
96.032091
95.538487
94.975241
94.628430
93.698402
93.280920
93.183279
93.130765
93.600403
118.846600
122.377987
121.842394
118.375979
114.203243
111.681302
109.172362
106.922767
104.308014
101.791844
100.233360
101.163240
99.250952
98.896630
97.984764
96.398444
95.190914
95.574521
95.970856
97.186216
97.358242
96.374137
95.524139
94.776995
94.201164
93.692409
93.270414
92.398204
92.167455
92.081406
92.102868
92.532291
117.291459
120.604575
119.914869
116.546748
112.414351
109.834446
107.415463
105.138361
102.467251
100.006941
98.609877
99.630012
97.789820
97.465588
96.551056
94.990966
93.928974
94.138626
94.681489
95.813253
95.942190
95.025084
94.050087
93.406662
92.890501
92.241317
91.956629
91.051101
90.788577
90.753142
90.731452
91.164355
115.141250
118.258527
117.510462
114.190987
110.097883
107.378882
104.887336
102.757753
100.250323
97.872320
96.506710
97.547887
95.808033
95.485378
94.691489
93.273776
92.156201
92.407875
92.910983
93.986007
94.125524
93.254461
92.279917
91.567068
91.121743
90.571143
90.172736
89.419019
89.238067
89.165374
89.243669
89.566768
113.025066
115.884901
114.930169
111.474031
107.306066
104.667371
102.301840
100.100579
97.749767
95.558984
94.222153
95.310165
93.737480
93.515775
92.717652
91.330953
90.243724
90.460811
90.965987
91.881854
92.053895
91.200034
90.232709
89.598780
89.070565
88.450233
88.230363
87.338459
87.183016
87.162690
87.207969
87.620286
111.591753
114.194972
113.226293
109.932381
105.817061
103.191965
100.763784
98.545423
96.258913
94.088612
92.774989
93.934570
92.371065
92.244042
91.443500
90.146496
89.183860
89.472170
89.820221
90.762531
90.834451
89.928667
89.077513
88.458147
87.893823
87.301988
86.936869
86.310286
86.105616
86.038183
86.133068
86.533503
110.266166
112.691876
111.615857
108.282721
104.022499
101.329591
98.963764
96.887037
94.611251
92.614056
91.421690
92.605986
90.986148
90.927001
90.241737
89.062160
88.052392
88.377789
88.691748
89.552932
89.603617
88.701828
87.890142
87.206159
86.649505
86.114001
85.763920
85.101486
84.991369
84.982993
84.950520
85.329918
108.670472
110.824854
109.744003
106.620178
102.386848
99.661890
97.334508
95.334817
93.053601
91.062704
89.909866
91.122336
89.655702
89.694351
89.074951
87.917111
86.916651
87.127075
87.422372
88.296026
88.260076
87.488753
86.676180
85.999746
85.443996
84.879335
84.546527
83.894425
83.753433
83.819710
83.911887
84.292192
